[gd_scene load_steps=7 format=3 uid="uid://b8x8i41mh24s6"]

[ext_resource type="Script" path="res://scripts/car.gd" id="1_lcv03"]
[ext_resource type="ArrayMesh" uid="uid://bnaxj0t5lob7l" path="res://3d tests/untitled.obj" id="2_td1va"]
[ext_resource type="Material" uid="uid://dnyfwm575o0pw" path="res://Colors/purple.tres" id="3_t1yad"]

[sub_resource type="BoxShape3D" id="BoxShape3D_ksjqa"]
size = Vector3(3, 4, 7)

[sub_resource type="StandardMaterial3D" id="StandardMaterial3D_caj81"]
albedo_color = Color(0, 0, 0, 1)

[sub_resource type="CylinderMesh" id="CylinderMesh_ndp5d"]
material = SubResource("StandardMaterial3D_caj81")
top_radius = 0.18
bottom_radius = 0.18
height = 0.125
radial_segments = 12

[node name="car" type="Node3D"]
transform = Transform3D(1, 0, 0, 0, 1, 0, 0, 0, 1, 0.00348163, -0.0622265, -0.062181)

[node name="cars" type="VehicleBody3D" parent="."]
transform = Transform3D(1, 0, 0, 0, 1, 0, 0, 0, 1, 0, 0.3, 0)
script = ExtResource("1_lcv03")

[node name="car_Body" type="MeshInstance3D" parent="cars"]
transform = Transform3D(0.00159727, 0, -0.287698, 0, 0.287301, 0, 0.382913, 0, 0.00120009, -30.3296, -0.268558, -0.308158)
mesh = ExtResource("2_td1va")
surface_material_override/0 = ExtResource("3_t1yad")

[node name="StaticBody3D" type="StaticBody3D" parent="cars/car_Body"]
collision_layer = 2
collision_mask = 2

[node name="CollisionShape3D" type="CollisionShape3D" parent="cars/car_Body/StaticBody3D"]
transform = Transform3D(-0.99999, 0, 0.00313405, 0, 1, 0, -0.00555179, 0, -0.999993, -0.0388221, 1.98487, -1.34133)
shape = SubResource("BoxShape3D_ksjqa")

[node name="front_left2" type="MeshInstance3D" parent="cars"]
transform = Transform3D(-0.999994, -1.83645e-05, -0.0034906, 0.00349065, -0.00523598, -0.99998, 8.74219e-08, -0.999986, 0.00523601, -29.227, -0.289531, -0.925494)
mesh = SubResource("CylinderMesh_ndp5d")
skeleton = NodePath("")

[node name="Back_left" type="MeshInstance3D" parent="cars"]
transform = Transform3D(-0.999994, -1.83645e-05, -0.0034906, 0.00349065, -0.00523598, -0.99998, 8.74219e-08, -0.999986, 0.00523601, -30.4328, -0.289531, -0.926242)
mesh = SubResource("CylinderMesh_ndp5d")
skeleton = NodePath("")

[node name="Front_Right" type="MeshInstance3D" parent="cars"]
transform = Transform3D(-0.999994, -1.83645e-05, -0.0034906, 0.00349065, -0.00523598, -0.99998, 8.74219e-08, -0.999986, 0.00523601, -29.2269, -0.289531, 0.21776)
mesh = SubResource("CylinderMesh_ndp5d")
skeleton = NodePath("")

[node name="back_right" type="MeshInstance3D" parent="cars"]
transform = Transform3D(-0.999994, -1.83645e-05, -0.0034906, 0.00349065, -0.00523598, -0.99998, 8.74219e-08, -0.999986, 0.00523601, -30.4393, -0.289531, 0.216838)
mesh = SubResource("CylinderMesh_ndp5d")
skeleton = NodePath("")

[node name="Camera3D" type="Camera3D" parent="."]
transform = Transform3D(1, 0, 0, 0, 1, 0, 0, 0, 1, 0, 0, 47.3414)
